Assignment 2, Problem 3, bisect_method output

N = 33

-------------------------------------------------------------------------------
i   Ak      Bk     F(Ak) F(Bk)   F(Xk)         Error          Estimate  
-------------------------------------------------------------------------------
1 | 1.0000 | 1.5000 | -1 | 2 | 2.500000e-01 |   5.0000e-01 |   1.5000e+00
2 | 1.2500 | 1.5000 | -1 | 2 | -4.375000e-01 |   2.5000e-01 |   1.2500e+00
3 | 1.3750 | 1.5000 | -1 | 2 | -1.093750e-01 |   1.2500e-01 |   1.3750e+00
4 | 1.3750 | 1.4375 | -1 | 2 | 6.640625e-02 |   6.2500e-02 |   1.4375e+00
5 | 1.4062 | 1.4375 | -1 | 2 | -2.246094e-02 |   3.1250e-02 |   1.4062e+00
6 | 1.4062 | 1.4219 | -1 | 2 | 2.172852e-02 |   1.5625e-02 |   1.4219e+00
7 | 1.4141 | 1.4219 | -1 | 2 | -4.272461e-04 |   7.8125e-03 |   1.4141e+00
8 | 1.4141 | 1.4180 | -1 | 2 | 1.063538e-02 |   3.9062e-03 |   1.4180e+00
9 | 1.4141 | 1.4160 | -1 | 2 | 5.100250e-03 |   1.9531e-03 |   1.4160e+00
10 | 1.4141 | 1.4150 | -1 | 2 | 2.335548e-03 |   9.7656e-04 |   1.4150e+00
11 | 1.4141 | 1.4146 | -1 | 2 | 9.539127e-04 |   4.8828e-04 |   1.4146e+00
12 | 1.4141 | 1.4143 | -1 | 2 | 2.632737e-04 |   2.4414e-04 |   1.4143e+00
13 | 1.4142 | 1.4143 | -1 | 2 | -8.200109e-05 |   1.2207e-04 |   1.4142e+00
14 | 1.4142 | 1.4142 | -1 | 2 | 9.063259e-05 |   6.1035e-05 |   1.4142e+00
15 | 1.4142 | 1.4142 | -1 | 2 | 4.314817e-06 |   3.0518e-05 |   1.4142e+00
16 | 1.4142 | 1.4142 | -1 | 2 | -3.884337e-05 |   1.5259e-05 |   1.4142e+00
17 | 1.4142 | 1.4142 | -1 | 2 | -1.726433e-05 |   7.6294e-06 |   1.4142e+00
18 | 1.4142 | 1.4142 | -1 | 2 | -6.474773e-06 |   3.8147e-06 |   1.4142e+00
19 | 1.4142 | 1.4142 | -1 | 2 | -1.079981e-06 |   1.9073e-06 |   1.4142e+00
20 | 1.4142 | 1.4142 | -1 | 2 | 1.617417e-06 |   9.5367e-07 |   1.4142e+00
21 | 1.4142 | 1.4142 | -1 | 2 | 2.687177e-07 |   4.7684e-07 |   1.4142e+00
22 | 1.4142 | 1.4142 | -1 | 2 | -4.056319e-07 |   2.3842e-07 |   1.4142e+00
23 | 1.4142 | 1.4142 | -1 | 2 | -6.845708e-08 |   1.1921e-07 |   1.4142e+00
24 | 1.4142 | 1.4142 | -1 | 2 | 1.001303e-07 |   5.9605e-08 |   1.4142e+00
25 | 1.4142 | 1.4142 | -1 | 2 | 1.583661e-08 |   2.9802e-08 |   1.4142e+00
26 | 1.4142 | 1.4142 | -1 | 2 | -2.631024e-08 |   1.4901e-08 |   1.4142e+00
27 | 1.4142 | 1.4142 | -1 | 2 | -5.236811e-09 |   7.4506e-09 |   1.4142e+00
28 | 1.4142 | 1.4142 | -1 | 2 | 5.299901e-09 |   3.7253e-09 |   1.4142e+00
29 | 1.4142 | 1.4142 | -1 | 2 | 3.154454e-11 |   1.8626e-09 |   1.4142e+00
30 | 1.4142 | 1.4142 | -1 | 2 | -2.602633e-09 |   9.3132e-10 |   1.4142e+00
31 | 1.4142 | 1.4142 | -1 | 2 | -1.285544e-09 |   4.6566e-10 |   1.4142e+00
32 | 1.4142 | 1.4142 | -1 | 2 | -6.269998e-10 |   2.3283e-10 |   1.4142e+00
33 | 1.4142 | 1.4142 | -1 | 2 | -2.977276e-10 |   1.1642e-10 |   1.4142e+00

root = 1.4142
success = 1
-----------------Code to find k iters of problem--------------------
i_eps = 0.0100

k=6

i_eps = 1.0000e-04

k=13

i_eps = 1.0000e-08

k=26

i_eps = 1.0000e-16

k=53

i_eps = 1.0000e-32

k=106

i_eps = 1.0000e-64

k=212

i_eps = 1.0000e-128

k=425
